ZEROSHOT
[ 971. 1109. 1122. 1078.  866.  951.  782. 1170. 1016.  935.]

[1253. 1180. 1099.  996.  845.  884.  524. 1237. 1032.  950.]
[1246. 1436. 1057.  938.  803.  860.  487. 1262. 1005.  906.]
[1020. 1376. 1615.  855.  762.  861.  377. 1227.  997.  910.]
[ 972. 1424. 1423. 1151.  762.  788.  350. 1233. 1025.  872.]
[ 900. 1370. 1261. 1037. 1098.  909.  321. 1162. 1059.  883.]
[ 872. 1405. 1072.  917. 1112. 1367.  302. 1073. 1025.  855.]
[ 894. 1424. 1037.  836. 1086. 1398.  331. 1119. 1036.  839.]
[ 878. 1468. 1044.  862. 1078. 1294.  310. 1160. 1063.  843.]
[ 887. 1449. 1102.  871.  995. 1246.  318. 1197. 1093.  842.]
[ 910. 1435. 1072.  851.  956. 1232.  337. 1231. 1123.  853.]
